SEC
1000 0.032301087
1200 0.012465608
1400 0.010579335
1600 0.013851984
1800 0.018723652
10000 0.539742844

[0.032301087,
0.012465608,
0.010579335,
0.013851984,
0.018723652,
0.539742844]

SPEEDFINO
1000 0.17334684556038704
1200 0.10508052585884113
1400 0.11206348225433656
1600 0.08544033353892
1800 0.08570217584264796
10000 0.41442055795479726


FINO
1000 0.186337899
1200 0.118629098
1400 0.094404839
1600 0.162124648
1800 0.218473473
10000 1.302403642

[0.186337899,
0.118629098,
0.094404839,
0.162124648,
0.218473473,
1.302403642]
SPEEDGRU
1000 37.972821544325015
1200 11.843459242530624
1400 13.604569519476462
1600 21.13109777491663
1800 26.24900569038103
10000 247.91586870918061

GRUESO
[8.50637E-4,
0.001052531,
7.77631E-4,
6.55526E-4,
7.13309E-4,
0.002177121]